[gd_scene load_steps=16 format=2]

[ext_resource path="res://ProjectileWeapon.tscn" type="PackedScene" id=1]
[ext_resource path="res://Ship.gd" type="Script" id=2]
[ext_resource path="res://HomingTorpedo.tscn" type="PackedScene" id=3]
[ext_resource path="res://AreaProjectile.tscn" type="PackedScene" id=4]

[sub_resource type="SpatialMaterial" id=1]
albedo_color = Color( 0.462745, 0.364706, 0.639216, 1 )

[sub_resource type="CylinderMesh" id=2]
material = SubResource( 1 )

[sub_resource type="SpatialMaterial" id=3]
albedo_color = Color( 0.266667, 0.388235, 0.270588, 1 )

[sub_resource type="PrismMesh" id=4]
material = SubResource( 3 )
size = Vector3( 1, 2, 2 )

[sub_resource type="SpatialMaterial" id=5]
albedo_color = Color( 0.329412, 0, 0.658824, 1 )

[sub_resource type="SphereMesh" id=6]
material = SubResource( 5 )
radius = 2.0
height = 4.0

[sub_resource type="SpatialMaterial" id=7]
albedo_color = Color( 0.709804, 1, 0.690196, 1 )

[sub_resource type="CubeMesh" id=8]
material = SubResource( 7 )

[sub_resource type="BoxShape" id=9]
extents = Vector3( 1, 1, 3.70052 )

[sub_resource type="PrismMesh" id=10]
material = SubResource( 1 )
size = Vector3( 1, 1, 1 )

[sub_resource type="BoxShape" id=11]

[node name="RigidBody" type="RigidBody"]
mass = 6.0
script = ExtResource( 2 )
thrust = 50.0
reverse_thrust = 40.0
max_speed = 20.0
max_angular_velocity = 0.9
max_shields = 500.0
max_hull = 500.0
max_structure = 900.0
shield_heal = 30.0

[node name="MeshInstance7" type="MeshInstance" parent="."]
transform = Transform( -0.0037874, 0.999993, 0, -0.999993, -0.0037874, 0, 0, 0, 1.77245, -1.411, 0, 0.003 )
mesh = SubResource( 2 )
material/0 = null

[node name="MeshInstance2" type="MeshInstance" parent="."]
transform = Transform( -4.37114e-08, 0, -1, -0.5, 0.866025, 2.18557e-08, 0.866025, 0.5, -3.78552e-08, 0, 0.89852, 3.22389 )
mesh = SubResource( 4 )
material/0 = null

[node name="MeshInstance3" type="MeshInstance" parent="."]
transform = Transform( -1.41093e-07, 8.14603e-08, -1, 0.5, 0.866025, 0, 0.866025, -0.5, -1.62921e-07, 0, 0.899, -3.224 )
mesh = SubResource( 4 )
material/0 = null

[node name="MeshInstance" type="MeshInstance" parent="."]
transform = Transform( 1.0092, 0, 0, 0, 1.0092, 0, 0, 0, 1.0092, 0, 0, 0 )
mesh = SubResource( 6 )
material/0 = null

[node name="MeshInstance" type="MeshInstance" parent="MeshInstance"]
transform = Transform( 1, 0, 0, 0, 0.263569, 0, 0, 0, 3.18405, 0, 0, 0 )
mesh = SubResource( 8 )
material/0 = null

[node name="CollisionShape2" type="CollisionShape" parent="."]
transform = Transform( 1, 0, 0, 0, 5, 0, 0, 0, 1, 0, 0, 0 )
shape = SubResource( 9 )

[node name="ProjectileWeapon" parent="." instance=ExtResource( 1 )]
transform = Transform( 1, 0, 0, 0, 1, 0, 0, 0, 1, 0.973423, 0, -2.99087 )
Projectile = ExtResource( 3 )
wait_time = 1.0

[node name="ProjectileWeapon2" parent="." instance=ExtResource( 1 )]
transform = Transform( 0.835302, 0, 0, 0, 0.835302, 0, 0, 0, 0.835302, 0.973, 0, 2.991 )
Projectile = ExtResource( 3 )
wait_time = 1.0

[node name="ProjectileWeapon3" parent="." instance=ExtResource( 1 )]
transform = Transform( 1, 0, 0, 0, 1, 0, 0, 0, 1, 1.61981, 0, -1.30253 )
Projectile = ExtResource( 4 )
wait_time = 0.134

[node name="ProjectileWeapon4" parent="." instance=ExtResource( 1 )]
transform = Transform( 1, 0, 0, 0, 1, 0, 0, 0, 1, 1.61981, 0, 1.12538 )
Projectile = ExtResource( 4 )
wait_time = 0.134

[node name="MeshInstance4" type="MeshInstance" parent="."]
transform = Transform( -3.09086e-08, 0.707107, 0.707107, 3.09086e-08, 0.707107, -0.707107, -1, 0, -4.37114e-08, 1.89201, 0, 0 )
mesh = SubResource( 10 )
material/0 = null

[node name="MeshInstance5" type="MeshInstance" parent="."]
transform = Transform( 0.612134, 0.559147, 0.559147, 3.09086e-08, 0.707107, -0.707107, -0.790754, 0.432844, 0.432844, 1.58782, 0, 1.21664 )
mesh = SubResource( 10 )
material/0 = null

[node name="MeshInstance6" type="MeshInstance" parent="."]
transform = Transform( -0.58674, 0.572598, 0.572598, 0, 0.707107, -0.707107, -0.809775, -0.414888, -0.414888, 1.588, 0, -1.217 )
mesh = SubResource( 10 )
material/0 = null

[node name="CollisionShape" type="CollisionShape" parent="."]
transform = Transform( 2.472, 0, 0, 0, 5, 0, 0, 0, 1.822, 0, 0, 0 )
shape = SubResource( 11 )
